318904275438
793066465601
901952674949
188095988407
673009213867
727258490486
91312268079
330992414448
575583423681
266525545496
439174898810
199435481734
332525548212
883448562478
498459555851
824417998683
527175744167
931743040811
487509537592
374716439647
499332047799
923548580189
187335119256
274557593234
425176659733
752559838025
723726122591
423506887950
643612704088
422591186538
683050085072
60387394853
92428052895
602889302403
112282374464
895546008223
504791265363
673298991593
734905716142
254313700230
552876388733
716559424841
541269160293
651457171479
199522173917
744693437024
391275296530
188910319395
152775438073
602594567416
117650763080
79655888618
852995960674
974164929030
470826700408
840445827433
701274512613
822530965859
474797371342
99463169927
828968121492
458256012001
893329528971
48024948977
207105630039
875884519259
625689624451
993209770089
41728742444
357996916065
541770817638
355027908777
313237510774
639691247407
738433202536
642088882129
27928490780
169809596313
600646122975
336547952496
54133856462
342264413761
90894293408
169421372354
579031379050
204708235802
481860063192
110220201017
191110640503
716432955922
638191435451
434214419644
615405404845
569998142556
985284831739
211193595819
861880430665
254264713324
906997704008
701527128974
